98

23 57.
25 22.
29 57.

95

tit. 92.

3 14.

4 57. 71.
5 404471.
6 21. 35.
10 52.

12 58.

15 6. 53. 58.
17 27.

19 51. 53.
20 15. 65.

15555

155

4 31. 45. 64.

1 3 40, 64.

15955195
19555
1955
55

1555

1 5
155

119
115

¹ 17 64.

;9555 ΝΜ

1 5
155
1555
155
155

1555
155

21 30. 58. ²

22 60. 92. 1

55

1 55. 57.
3 41. 42.
5 46.
8 28.
9 14.
11 13. 25.
13 11.
14 41.
15 25.
19 21.
20 22.
21 29.
23 43. 44.
25 12.
27 27.
29 14. 36.
30 36.

Π5

1 48.
2 49. 50.
3 93.
5 92.
8 58.

17 17. 20. 56.

55

115
195
ῑ95
195
1140.
1840.
155
155

Ϊ55

20 23. 27. 55.

64. 72.

ffi

3 22.
9 13.
10 34.
13 60.
18 6592.

1 20 33. 43. 51.

21 21. 48.
22 4560.
23 35.
24 12. 49.
25 33.
26 19. 33.
28 66.

119555ἰ

155551 5

Μ

115
Ι15

95
Ι55.
ἕ55
159
155
155
155

155
155
ἰ55
’55
55
55

8 45.
9 23. 54. 65.
10 66.
12 6.
13 28. 66.
114
17 52.
18 52.
19 54. 92.
21 49.
24 6.
25 52.
28 6. 20.
30 13.
31 45. 76.
' 32 13.
33 17. 28. 56.
76.
37 13. 58.
39 13.

55

155
95
95
45
15
Ι991.
19555
1555
ζ555
155
155
Ι555

5555155

1595
555

1555

155

155
15555
,555
155

’555 1555 155

1 29 75.

1 55

1 55

115

11555195

115

1420.

⁴

1 31 14.

1 55

1155
195

 

