102

23 15.

25 33.

33 53.

33 33.

33 5.

33 92.

33. 53. 55.

33 55. 11.

35 33. 92.

19 1312.

11 33.

35 3335.

33 33.

33 3.

33 12.

53 53. 33.

53 53.

53 33. 59.

55 33. 31. 59.

55 51.

51 1252.

55 13.

59 11.

52 2931. 51.

53 12.

55 15.

51 5135.

33 13.

15 5.

11 33.

33 33. 1

33 29. 33. 51. 3

33 3, 35. 33. 1
33.

33 35.

53 33.

33 33. 53.

35 15.

33 33.

33 55.

59 15.

91 291593. ,ζ
33 29. 15. 55. 1
15.

33 53.
95 1912.

; 111 911.

91 59. ῑ
98 1318. ·
99 48. 83. ·

133
ζ333·
' 335 15.

mmm&

191 33.

195 15.

119 1.

111 31. 36. 31.
55.

113 39.

114 92.

’ 115 29.

116 61.
111 39.
122 13. 22.
121 38.
125 51.
132 1591.
131 15.
135 16.
138 43.
119 35. 91.

113 15.

2 115 21.
3 115 19.

³ 115 15. 52. 53.
Ῑ 33, ’ 11 5.

92.
115 51.
159 11.
152 5.
155 15.
159 56.
161 35. 51.
152 55.
163 15.
166 1515.
161 11. 51.
169 6.
113 52.
174 15. 25. 92.

- 115 19.

Ι353. ;
ι33353ἶ θ
Υ333. ·

m& gnum
111 13. 35 15. 3512.
333 33. 133 53.
· 33 35.
237 45 15. 15. 55.
11 29. 31.
2 58· 68· 15 15.
4 92. 3
5 25. 2 5⁸⁷

1 39. 1 3 35.

÷ 5 51.

351 g 9 92.

2 54, 1 11 31.
5 47· 1 12 39. 44.

33 45, Ι 15 19. 34. 35.

7 (15.330Ι y 17 62.
3 12, 1 18 1539.

9 53. Ι 20 28.
19 s, ἰ 33 33.

Ι 11 153, ss23 9.16.

12 27· 1 26 511.
Ι 33 33. 51.
133 21.
133 33.

333. 13353333.
33 3353, , 33. 33. 19.

33 33.33.33.’ ⁸⁹·
15 121351, 1 3 55. 59.

33 55. 11 21. 35.
15 25¹ * 15 12.

15 33, ἰ 33 11. 55.
17 27· 23 13.

15 1112. ‘26 15. ⁵2. 53.
33 3. 3333. ’ 35 ²⁶·

21 23. ,
33 23. g 153

:25 51. . 3 13.
{25 1555. 3 1 33.
. 21 1215. 5 3335.
,33 19. ' 5 15.

39 116. ’ 3 93,
31 39. 11 43. 51.

 

