29 49.
30 86.

26 86

tit. 41.
1 41.
3 41.
6 86.
1 41.
9 42.
13 30.
14 49.
16 1431. 56.
11 92.

12166

1 92.
2 21. 52.
3 92.
4 21.
6 16.
8 1682.
15 13.
16 34,
18 12.
21 52. 59.

3 46.
10 21.
13 815.
16 33.
18 34.
19 86.
20 14.
23 86.
24 34.
31 82.

1
29 66
tit. 59.
5 21.
6 66. 66.
6 21.
Diu. Hal. xvm.

9 86.
14 11.
16 16. 11. 34
22 1653.
23 16.
24 8681.
26 21.
21 13. 69. 01.
92.
28 55.
32 20.
34 69.
35 1692.
36 13.
38 16.
40 40.
41 21. 31.
43 31.
45 51.
41 13.
51 815.
55 3661.
56 36.
59 51.

61 60. 18. โด

24 92.

28 31. 61.

30 35.

31 32. 35. 14.
93.

32 92.

33 32. 35.

34 24. 61. 65.
18.

2

1 14.
3 51.
4 93.
5 81.
8 85.
10 20. 33. 34.
12 20.
16 82.
11 34.
20 61.
22 90.
25 40.

366

*142

11166

1 86.

2 41.

8 21.61.11.
10 41. 44. 52.
12 5612.
14 44. 51. 58.
15 5. 31.

16 5.

11 53418.

118 5.

19 35.
23 91.

2 40.
3 50.
4 41.

466

3 1. 28.

4 31.

5 13.

8 243466.
10 24.

566

tit. 41.
l 58.
2 59.
3 58.
1 58.
8 29. 38.

91

9 5159.
12 45.
15 38.
16 21. 28.
11 60.
18 92.
19 32.
20 32. 43. 58.
22 21.
23 12.
29 86.

666

tit. 58.

1 58.

2 58.

5 4660.
6 913.
1 66.

9 42.
10 22.
12 81.
13 81.
16 56.
21 93.
22 1310.
23 21. 33. 82.
21 14.

166

8 11. 81.

9 2641.
10 1692.
11 13. 84. 92.
12 36.

8

1 11.
8 21.
12 65.
14 5481.
15 21.
16 16.

ยน 18 16.

20 41.

 

