10 92.
11 40.
13 6. 58.
11 10.
15 66. 67.
17 13.
19 31.
20 7. 65. 91.
21 86.
22 36.
28 92.
29 55.
32 6.

33 21.

20
1 47. 87.
2 40. 90.
3 40.
6 47.
11 14.
12 14. 45.
14 1141.
18 39. 40.
20 47. 50.
21 41. 47. 48.
22 81.
23 27. 66.
25 79.
27 92.
28 70.

13 76.

14 72. 74.

17 1266.

19 66.

20 27.

22 22. 37. 39.
57.

22

1 1111.
1 111111.
1 13,
11 1111.
11 31. 31.
12 11. 26.
13 61.
11 11.
19 1111.
1ο 1111.

1 11 33. 36. 92.

1 11 11.

1 11 1131.

1 13 11.
11 11.
11 11.

23
1 11. 11.
1 1111.

4 28.
5 15.

11 111111. 7 42

32. 35. 56.
30 1572.
33 34. 68.
35 55.

37 21. 47. 87.

2111

tit. 58.
4 58.
7 46.
8 14.25,92.
10 48.
11 253574.

9 41.

10 41.

12 15.

13 41. ’
14 293443.
15 41.

18 42.

19 13.

25 41. 13.
26 29.

27 11. 43.
28 16.

29 58.

30 43.
35 58.
36 46. 90.
42 55. 58.
43 35.
45 15.
46 42.
47 12.

24

tit. 92.

3 87. 88.

8 15.

15 92.

16 52.

18 364546.
47.

19 131592.

23 34.

24 32.

25 34.

26 12.

29 78.

48 20.

25 11

99

24 41.

29 101392.
31 34.

32 36.

34 54.

35 912.

36 92.

37 54. 89.
42 14.

211
1 11. 31. 56.
11.
1 11,
1 131111.
11 1111.
11 13.
11 11.
11 11.,
11 11.
11 1111.

3 11
1 11.

8 21.
10 55.

1 1 1177. 111 11. 31. 31.

4 78.
5 27. 48.

1 11.
1 16 111111.
1 11 11.

; 13 11.

11 1111111

1 1 11. 31. 63.
ζ 111 1111. ÷
ἓ 1 11.

18 13.

ᾗ 11 11.

13 36.

11, 1 2011 1 11 11.
1 11 11.

11 60.

'161

9 85.

11 1111. 1 ¹² Μ’

71.

’11

 

