14 14.
18 45.
22 70. 71.
23 69.
25 46.
26 13.
28 1245.
34 5.

55 15. 11. 55.
37 15. 36. 40.

39 7.
42 15.
47 5551.
50 3445,

51 1574. 77. 2 22
52 122365. 22 22

54 46.
59 45.
62 53.
64 13.
65 16. 17 47.
67 17 23. 55.
55 55.
69 57. 82. 92

5.(1151 15122 222

60.

61. 62. 68.
72 21. 152. 50..
73 19. 53. 65.
74 32. 55. 36.

75 71.
70 57.
77 51.
78 55411.
80 67.
51 51⁶2.
84 69.
66 13. 40.
87 14.
88 13.
89 50. 79.
90 17. 60.
54 15.
95 45.

71 26. 32. 34. *3355

51 33· 1 51 15. 55

98 55.

103 55.

104 25. 45.
105 72.

106 37. 39. 93.
107 66.

108 93.

9 7. 23.
10 28.
12 43.
14 1392.
16 19.
17 92.
19 84.
20 92.
22 15.
24 48. 94.
31 16.
33 45.
36 3946.
98 18.

23 51

tit. 55.
1 15.

4 21. 41.
8 55.

. 45 51
15 11.· 2 22 22·
11 11. 15 55. 22 222 222

5155414. 1
1155155 1533351313

22225115
1155115353·
222222 25151

5.11152 33332

5 11 4555.

13 76 30. 54. 81.
17 12.
78 41. 66.
79 59.

12619 33. 34.

215 5111
2511155155

55 14.
55 55.
55 11.
÷ 5545.
¹ 50 51.
· · 51 15.
2 2234 55 15.
51 ’ 55 55.
21511.
5 5 55.
14 11.

1 51 55. 55
55 4.
55151. 51.
37 65

1 151 55.
1 155 55.
; 5 115155. 3 155 45.
2 5 1551, 1 155 55.
1 5 1515. 111 54.

39 55. 74. 88. 2

51 55. 51. 2

101

112 7.
113 7202.
117 5151.

25

1 66.

4 52.

5 13. 20.

7 53. 66. 90.
8 23.

55 51

3 15. 71.
4 73.

1 8 53.

112 1935.
213613. 60.

6. 31. 43.

3 57.

15 6. 33.

17 14.
1 21 2955.
1 22 51.

1 15 11. 51.

1 15 15

, 15 1541.

2 33 46.

2 55 155555.
45.

38 31.
2 39 27.

lvl

1143,
2650.
1842.

² 151 41.55.11.{ 5 41.

2 14 15.
1 11 151555.
1 55.
, 15 11.
’ 15 15.

 

