96

33 33. 60. 61.
64 34. 60. 61.

10 33

3 15.

5 20. 24.
6 1316.
1 86.

8 66. 82.
9 34. 36.
10 35. 66.
13 15. 45.

11

2 46.

4 32. 45.

8 18.

9 28.

10 92.

11 58.

18 58.

19 58.

20 58.

23 92.

26 16.81.92
32 136811.
35 28.

38 16.

39 15. 43.

12

14

1 88.
2 22.
4 28.
6 2154.
1 4243.
8 51.
19 56.
12 51.
15 19.
16 10. 14.

15

3 6.
6 88.
1 91.

1633
1 3.
3 1. 1413.
4 13.
3 1. 33.
1 13.
13 41.
11 13. 11. 33.
11 4133.
13 33.
14 41.
11 11. 66.
16 44.
13 41.
1ο 13.

11

2 56. 90.
3 66.
4 65.
5 46.
1 62.
9 62.
10 43. 90.
11 20.
15 19.
11 92.

21 56.
22 43.
23 15. 55.
21 38.

1833

4 61218.
6 41.

1 18.

9 42.

10 22.

14 81.

15 39.

11 9.11.
18 33.

20 20.

21 13. 21. 93.

22 34. 35.
23 28.

19 33

4 10. 15. 33.

5 10.
6 5362.
8 86.
11 2055.
12 15.
13 84.

11 61. 66. 16.

19 31.
22 8.
26 66.
29 39.

2033

2 51. 58.
6 15.

8 15. 29. 50.

9 25.
10 25.
11 41.
12 58.

11 33. 39. 42.

18 16.

21 33

2 63.
3 16. 81.

22 33

2 25.
9 52.
10 21.
12 6. 31.
13 66.
15 21.
16 45.
11 15.

23 33

2 66.
3 41. 54.
4 35.
6 92.

2433

1 21.
3 86.
10 13.
12 51.
14 61.
20 1015.

2533

3 38.

4 21.

8 14.

10 101315.
16.

14 52.

15 21. 51. 59.
85.

11 12.

18 66.

21 31.

24 14.

26 15. 42. 53.

21 23. 42. 49.

28 1.

 

