11

1 92.
5 92.
8 92.

11166. Ι 166

1 41.
12 42. 43.
14 1.
15 12.
16 16.
18 53.
19 22.
24 22. 51.
28 1311.
29 54.
32 1314.

266

2 14.

1 47.

8 12. 66.
9 66.
10 3166.
11 15.
12 16.
14 93.
16 53.
11 19.
18 22. 66.
19 13. 42. 86.
24 48.
29 911.

“ 646.

31 68.

Index locorum.

36 48.
32 53.
34 42.
31 48.

7 21.
9 4345.
16 69. 86.

666

4 46.
4 66.
6 44.
4 44.
6 46.
9 44.
44 44.
46 1.
11 44.
46 5.
466 44 66.

1 68. 22 15.
4 2531. 23 55.

8 25. 24 11.

1 11. 90.
2 65.
3 41.
5 35.
6 3546.
’1 65.

10 46.
44 64. 96.
44 64, 66 66.
46 44. 69 64.
49 46.

46 4446.
44 64,

66 44. 1

6 4 6666.
6 66.

42 31. 11.

566 4 94.

2 21. 28.
4 22, 28.
4 22. 43.

1 11.
8 41.
16 ’11.

26 235365. 9 47·

46 66. 94. ³

8

l 53.

6 68. 69.

1 46. 44. 96.
9 88.

11 15.

15 42.

966

4 11. 42.
1 5 46. 49.
5652.
1 16 1. 52. 96.
ζ 11 65.

1 13 66.
¹ 44 44.
1 15 94.
46 46.
4 26 10. 13.

' 46 446466.
44 66.

46 6.

49 15.

64 66.

 

